time,x,y,z,phi,theta,psi,x_velocity,y_velocity,z_velocity,phi_velocity,theta_velocity,psi_velocity,rotor_speed1,rotor_speed2,rotor_speed3,rotor_speed4
0.06,9.221958901530739e-08,-8.996468478773396e-08,10.005378686631957,6.2829053807397095,6.282911229737284,0.0,1.63023367657456e-05,-1.64390957174013e-05,0.17927766494442807,-0.016177845835399524,-0.015779250503179416,0.0,462.85050209931075,461.6072936534097,461.14647770936466,459.86709662262433
0.12000000000000001,1.1011639912271416e-05,-1.121237805690881e-05,10.020408933983395,6.281856160837586,6.281684072650666,0.0,0.00046300506092401914,-0.0004635167880745842,0.3217003742195785,-0.020242833437632255,-0.031987562242330084,0.0,450.4511297278034,449.13871003389556,450.7858519185504,450.457384260495
0.18,7.623747898894257e-05,-7.022250140109619e-05,10.042182694700056,6.280204987545645,6.2794687924483785,0.0,0.001914147307760094,-0.001639054269563687,0.40406485993963853,-0.04892537515794371,-0.049277122186636296,0.0,432.7622796335033,431.3040038194542,431.9620548444457,429.53650651809573
0.23999999999999996,0.00028027941729417386,-0.0002418787086247891,10.069664883958756,6.2775673833426,6.276325914168487,0.0,0.005200849185475979,-0.004368631622732783,0.5119627527710262,-0.03552794225590461,-0.05944939771108926,0.0,439.31907260163956,438.4730872988252,439.73408031332735,440.8411639829197
0.3,0.0007793401049240013,-0.0006538826483700993,10.107637446982249,6.275297006238459,6.27302488344607,0.0,0.011854390073908908,-0.009634178694351136,0.7536560817119163,-0.04291673545190785,-0.04737155338181773,0.0,479.81358746339396,480.7276757935129,480.16449660648607,479.60313496324346
0.36000000000000004,0.0017242308367544019,-0.0014149199419759783,10.157091625531912,6.272875185837709,6.270488148628731,0.0,0.01992989312437719,-0.016002432920881958,0.8947106775191234,-0.035693618428283676,-0.033662436814391836,0.0,449.6865476011701,450.79453658402815,450.18579206715617,450.76895962790036
0.4200000000000001,0.0031713301019888306,-0.002580822119283533,10.212337505460658,6.270796627194974,6.268121771829678,0.0,0.028510831427470663,-0.023060691634373215,0.9467715326901037,-0.032619878733529624,-0.05466659000680537,0.0,423.3286944315344,421.5166751983293,421.9952900077221,422.2599215880273
0.48000000000000015,0.005203515425595096,-0.0042262434837962975,10.272014136214874,6.268456946888943,6.265047987738335,0.0,0.039548569994185906,-0.031998516232600464,1.0423585269490074,-0.0564869130747785,-0.045118141327227024,0.0,435.8390868381455,436.63454125917076,437.6882539750503,435.69668982448974
0.5400000000000001,0.008027789219729617,-0.006518022751949277,10.341107665470863,6.264981110509776,6.261986350612892,0.0,0.05492983467567285,-0.04480069659387221,1.2605305777044888,-0.060985367512635495,-0.0667339286737312,0.0,474.10936798943357,472.4442291235735,475.05499278965823,474.7078741641042
0.6000000000000002,0.011770923779434166,-0.009590967854569366,10.419465317099391,6.261374504152329,6.257978666171809,0.0,0.07024211432308888,-0.05799423590021832,1.3512708616713747,-0.05841538560101312,-0.0669165814622186,0.0,435.2602157981503,435.24149764040897,435.9346658153403,436.1467046663316
0.6600000000000003,0.016636973772555134,-0.013633942580716795,10.507977804088558,6.258182254068011,6.253847619291697,0.0,0.09245533083832957,-0.07717694459123699,1.598808131048355,-0.04441801081716756,-0.0730283590739137,0.0,484.13145052291327,483.66823921436134,482.3010548428231,483.35529994429186
0.7200000000000003,0.022854888544817473,-0.018829210119162665,10.60848507470954,6.256912605387377,6.249608334434836,0.0,0.11527433878321108,-0.09618636986425813,1.7511914808060485,0.004998529823072362,-0.06628848750192866,0.0,455.22607766955684,455.7613266783354,454.3034930540974,458.2479628772408
0.7800000000000004,0.03052557549300238,-0.02517590073322609,10.71786539704979,6.257710224675542,6.2455390568746125,0.0,0.14084313874232413,-0.11530041942200424,1.8945763745175286,0.026154072460316646,-0.07107629654322284,0.0,453.6978716572805,453.30996250478466,452.93658079292345,454.63458885894073
0.8400000000000004,0.039756414325914605,-0.032606523891308775,10.834220133989632,6.259131834242197,6.242477423809291,0.0,0.16719676362407554,-0.1322326826034856,1.983751474102462,0.018252691281368128,-0.02707524077513397,0.0,435.50738505988386,439.1697143970654,437.42438849129314,436.7660120080555
0.9000000000000005,0.05075645123326474,-0.041103730425591505,10.95919219051931,6.260385471021213,6.241079052086231,0.0,0.19963060841294056,-0.1508620691319807,2.181619887213647,0.025712302033299935,-0.01667096865078328,0.0,470.7035482348732,471.50794402081465,470.42674418865556,471.0039433096372
0.9600000000000005,0.06363303138684012,-0.05063471735858763,11.093691979059455,6.2618087793637685,6.240592429691873,0.0,0.2296515244471639,-0.1666768493378701,2.301469748356227,0.01941035084339446,0.005071493257255175,0.0,446.6351975640203,448.40497745280635,448.75553348753385,448.2437732148071
1.0200000000000005,0.07829238427883062,-0.061073940721415046,11.23481483646653,6.2628198930333205,6.24071114912843,0.0,0.2589607203427854,-0.18118189881918975,2.402418806444834,0.011169337640571726,-0.0050634945729170575,0.0,442.7966037882192,441.9620579238931,443.15607747366136,442.47810422369173
1.0800000000000005,0.09480379840208984,-0.07240827723291124,11.384217435706246,6.264278043369561,6.240839766498617,0.0,0.29140848997888685,-0.196492923109429,2.577288472165077,0.04242556463176364,0.013642685488763694,0.0,465.09862423040096,466.5613365166083,464.41339223755523,466.85854890944785
1.1400000000000006,0.11315607623650754,-0.08457836606284476,11.541778819638534,6.266620023821945,6.241381735518324,0.0,0.3202512930379938,-0.20892438163257065,2.674540006607255,0.031199596800384557,-0.0023070720853745983,0.0,443.8220101970996,442.51091720753215,442.6843687745029,441.76043111614473
1.2000000000000006,0.1331968725146468,-0.09743589895455107,11.704375045091133,6.268369611275938,6.241681524976695,0.0,0.3477552030591717,-0.21948114323397228,2.7451676764730064,0.024732358795746957,0.016619231776109286,0.0,434.13498269672175,435.7200700360924,434.7555723479189,434.2136389143006
1.2600000000000007,0.15477384753221876,-0.11085679169617609,11.868694351213888,6.270269758038475,6.242316725579489,0.0,0.37140284072121776,-0.2277367807777546,2.7321776465456797,0.04281539783345351,-0.005588300787438057,0.0,408.86622965976295,406.8828142345288,406.0498714859861,407.6693319413504
1.3200000000000007,0.17795691948114986,-0.12479536343924522,12.036982977462046,6.27357834119368,6.241954458776643,0.0,0.40138703119720764,-0.23655194799164847,2.8770891722268557,0.07246508139067619,-0.006952279716213895,0.0,458.9189660175074,458.8107906839668,456.3485223848437,458.71088834894385
1.3800000000000008,0.20292163158367915,-0.13917838755663,12.213355182862449,6.278232268954806,6.241292636103134,0.0,0.43080942981241305,-0.24240396065782532,3.001665125736133,0.08619083128993683,-0.020779836625474644,0.0,453.30246239134476,452.1900438366876,452.1211683775823,453.2302806291784
1.4400000000000008,0.22957557768084025,-0.15380147797978938,12.395041278049504,0.00043888106747047573,6.241294601631438,0.0,0.4576895109987296,-0.24453101878577058,3.0543979527415734,0.09634951721233151,0.024541505708993855,0.0,428.2411999400672,432.0791551274697,430.80114680087445,431.66625573480286
1.5000000000000009,0.25804719867772574,-0.1684391709668773,12.585015330268716,0.005887052810110482,6.242710119706466,0.0,0.49116149594688074,-0.24271609236361008,3.277463965129799,0.07640351938119218,0.021622083801085927,0.0,483.44294640509656,483.22293095728446,483.4746334362015,481.97554408765893
1.560000000000001,0.28816092672742966,-0.18289629005950478,12.780145039191584,0.01016278997755471,6.2443986581039646,0.0,0.5125101457921978,-0.23883251810691894,3.2270090022274087,0.058235829287907125,0.03873929812255717,0.0,396.62737389007697,398.1967218558595,398.6369657085248,396.97772896015465
1.620000000000001,0.31962253345265956,-0.19702714881682967,12.974807973988739,0.013574110082982926,6.2471202752936925,0.0,0.5359662673551038,-0.2318786848230915,3.261665213369467,0.0539418888067726,0.05608999531543655,0.0,425.7777741554757,427.260905085897,425.9112167514674,425.5461655509959
1.680000000000001,0.35236684415926545,-0.21070572877401655,13.169588637360597,0.016770593027141345,6.250286257576729,0.0,0.555237732401595,-0.22380679607193332,3.2311207321857296,0.051906367899171864,0.04511885355372506,0.0,405.65914351454364,404.6748203714492,403.72682318262014,403.54529427606445
1.740000000000001,0.3863759994773016,-0.22376093440914005,13.367494968437617,0.019760697385589054,6.253046631633396,0.0,0.5780905482171496,-0.21104611942311963,3.3653777385773034,0.04533404597135693,0.04772389668496822,0.0,457.10179998470215,457.3105333835928,458.2212298012064,457.6999178480735
1.8000000000000012,0.42163318119092263,-0.2360290983612393,13.571379695292634,0.02257377229092139,6.255980387059072,0.0,0.5968571310762599,-0.1976280336523831,3.4305927295259426,0.04981719232323739,0.051141841961286044,0.0,436.52273320419124,436.8093918567544,436.80702527419254,437.182094669475
1.8600000000000012,0.45807138906627287,-0.24733594925722677,13.78346671267591,0.026138676511279435,6.258707005769992,0.0,0.6173817648034325,-0.17888932252075945,3.6383408172405054,0.0738078833204074,0.03050093453593932,0.0,480.8067490710414,479.2413534169674,480.2978103453686,482.1159959452859
1.9200000000000013,0.4955461587315948,-0.25757751831909814,14.002461910517022,0.03048211446616378,6.26026261489185,0.0,0.6316159026387845,-0.1621005603347006,3.661422379951722,0.06939552127815463,0.014699219520475149,0.0,425.42617041146394,424.07107927999897,425.39964314899817,425.0259296387568
1.9800000000000013,0.5338365662165863,-0.2667497469486668,14.222302463491708,0.03449510658351773,6.261012666676649,0.0,0.6446549679303751,-0.14328033933558038,3.6665719389703666,0.06131749563689269,0.00769547692326069,0.0,418.876103291964,418.2664441619576,420.2163115189062,419.51904109146085
2.0400000000000014,0.5729211079082138,-0.2746837025463744,14.443560366231353,0.03801635147387117,6.2614957812888115,0.0,0.6581126896507757,-0.12085196637226535,3.708545662031466,0.052829271215962814,0.008755428188624263,0.0,431.3725596519541,431.46194718195085,431.69394735856827,430.97956691356006
2.1000000000000014,0.6128632776645073,-0.28109938886220426,14.67011906043979,0.041058748070030404,6.262016759100542,0.0,0.6732240336769317,-0.09268726851589179,3.8429562525333125,0.04608369482502026,0.008537636334738107,0.0,460.1967535690806,460.17938981334726,461.39270293023355,460.86133236456044
2.1600000000000015,0.6537426431167875,-0.2856754104720376,14.906755849755527,0.04458647138540783,6.262601063946352,0.0,0.6893392575892583,-0.0594975007052207,4.044231004545688,0.07650067431836219,0.012037900281239017,0.0,481.83722638485057,482.101654874273,479.7338348300752,482.0399656972453
2.2200000000000015,0.6954900071906663,-0.28835392604132254,15.15139874095989,0.04950559823653222,6.26355684688907,0.0,0.7021487062901856,-0.029333587191495564,4.1102773779365664,0.09115840339148519,0.022755748286057198,0.0,441.06603928273205,441.95030325288593,441.7038473607259,442.9165016833619
2.2800000000000016,0.7380491762070661,-0.2889518632702876,15.40338489454352,0.05495744633093658,6.265453245646146,0.0,0.7162830512173909,0.009990165803656508,4.288582531487758,0.09026943484547098,0.04513303376856565,0.0,476.14111590480115,477.85038206230695,476.33751667000763,476.2758447776786
2.3400000000000016,0.7814236921031957,-0.28700880289634567,15.66704236370342,0.06114852430357054,6.267975109843661,0.0,0.729204007412752,0.05543027332196857,4.499163591668672,0.1210852235232419,0.03496790581572327,0.0,486.9401899525677,486.1798880054896,487.03153603787905,489.33888250133987
2.4000000000000017,0.8254567506510652,-0.282424270258724,15.93945655238659,0.06944611808723522,6.27024664654987,0.0,0.738337132050357,0.09815258849004904,4.580940448180678,0.1600369774640037,0.04308998267587773,0.0,449.73314403170184,450.39125157076836,449.5442702786515,452.70621527056034
2.4600000000000017,0.8699653340456326,-0.2752388688644176,16.214850207582753,0.07916212384112065,6.272405828836488,0.0,0.7450571264072076,0.14222365860974476,4.598718464698858,0.16547499670779128,0.015388046148511528,0.0,432.771269933106,430.43353666634124,430.22822268198746,430.7143112026545
2.520000000000002,0.9149293054614791,-0.2645701436013585,16.499440463878127,0.08938462279451809,6.273278764651851,0.0,0.753609600812531,0.21461197543166366,4.8863268391846795,0.17870409424831546,0.012815596583170276,0.0,511.8734638199583,511.6902130540687,511.11892736151697,512.0844560529729
2.580000000000002,0.9602934865143122,-0.2501186935885298,16.79216676739988,0.10047762261740001,6.274772681499742,0.0,0.7584246185261164,0.2680370086253374,4.871187853439509,0.19500940409765505,0.04197629121005739,0.0,421.2785067429301,423.79295378754784,423.3934262189632,424.82875881205
2.640000000000002,1.0059121605182102,-0.23230817014366972,17.08357723206806,0.11227388529273785,6.27698510820562,0.0,0.7619946461438443,0.32663406970257297,4.84250688239584,0.19961263972014504,0.023969476043796078,0.0,418.66328481332835,417.09407450333885,419.6641456188343,420.1037827160585
2.700000000000002,1.0517181697577458,-0.21062842284071112,17.374585100699495,0.12467786559377725,6.278491193877592,0.0,0.7647363054456974,0.3971080359073695,4.857546249847582,0.21810309365834624,0.0272740411746747,0.0,432.7925547898549,433.07076012123883,432.9565500867372,434.5523748554219
2.760000000000002,1.0976508560227634,-0.1847569134163212,17.66438953506043,0.13857119793835082,6.2799992131598525,0.0,0.7662256164760686,0.4663768387334964,4.802671090380036,0.24996114935468006,0.020467402907069544,0.0,410.77661743198803,410.17264143629603,408.9939045587484,411.8786375688497
2.820000000000002,1.143664831240993,-0.15376023422245333,17.956085898853317,0.1532712832257772,6.281193423919728,0.0,0.7674420103775711,0.5683244961557323,4.919782296868289,0.23259200604061833,0.01875128195690071,0.0,465.4957052125495,465.3613261296311,466.9579047528987,465.657511479447
2.880000000000002,1.1897231352904332,-0.11644158426941642,18.254110320931822,0.1667424268324771,0.0003128048215685908,0.0,0.767639623322019,0.676955497578354,5.013686063913482,0.19902651302017657,0.062080730176180994,0.0,458.5074764029558,461.93799068002477,461.756676693704,459.14771149262657
2.940000000000002,1.2357386379428352,-0.07270557223504409,18.555561061271966,0.17893095998272557,0.003594480955484869,0.0,0.7658780624959446,0.7819782697856976,5.034335798305384,0.2103013745358231,0.03277061437767201,0.0,439.8443717073097,437.41177572640544,438.1002532568333,439.0777669105634
3.000000000000002,1.2815816533663966,-0.021933214812190266,18.860990415997012,0.19194210273342804,0.005612592716000009,0.0,0.7620124964747559,0.9116601307022999,5.145818558124003,0.22747550566389133,0.03531026814393597,0.0,467.22214097616126,467.42051979383774,467.79412965040615,469.1731761127615
3.0600000000000023,1.327159888113096,0.036532271362840575,19.1712036415548,0.2053193215619089,0.007760260044324951,0.0,0.7570565960856274,1.0384048715538738,5.19405372273336,0.21191065255852615,0.036745451199725915,0.0,450.31811861439206,450.43476254864953,450.20688183652453,448.9939800660006
3.1200000000000023,1.3723962566329149,0.10290604562694267,19.484501831057727,0.2181605077395723,0.009744107913434163,0.0,0.7506184456106201,1.175194743252488,5.248594304830333,0.21792889927877504,0.024441544872971812,0.0,453.9374924763737,452.9493150596188,452.71051635819657,453.238775644896
3.1800000000000024,1.4172093271627253,0.17772123656563826,19.800952329169274,0.23088317899340005,0.011888956602263079,0.0,0.7429719280967734,1.3197851478063916,5.299106972173419,0.19646056656064972,0.0520182835610883,0.0,452.921635944177,455.13496033085335,453.4050830124873,451.7197464387605
3.2400000000000024,1.461485906056638,0.2620082271401545,20.122721237041524,0.24348282482693406,0.014920965078412785,0.0,0.7325858977648911,1.4908968290748805,5.425450281598435,0.22848006518693853,0.04738613402730481,0.0,478.2148885088285,477.86328096961694,476.9456859178913,479.4241494946751
3.3000000000000025,1.5051271427058415,0.35598409557302596,20.448602415108642,0.2572596858703573,0.017499934100994707,0.0,0.7218736102465944,1.642789801540967,5.436712038501005,0.23178745440938434,0.03227653734430485,0.0,445.70772508654744,444.4719008413454,443.4778604895932,443.80198948814774
3.3600000000000025,1.5480906396247212,0.45917741915332894,20.774551661480373,0.27199798424096233,0.019121842908027986,0.0,0.7100854598087794,1.79817506062714,5.427768161212694,0.2644205644007468,0.013654148059967612,0.0,439.5872974024111,438.0412993234212,437.7400082485592,440.5072962538545
3.4200000000000026,1.5903625763111533,0.5713748834069088,21.097840765734556,0.2875710862924814,0.019998050310207738,0.0,0.6989116722533064,1.9429639936848795,5.348354468361957,0.24743479764731563,0.016437443704971032,0.0,416.36579712067044,416.6091882067934,416.5404485341078,415.1246038683668
3.4800000000000026,1.6317850610839268,0.6948255857844533,21.424108082780585,0.3022543712570931,0.021407012473718012,0.0,0.6817190081041459,2.173372742946987,5.525557618207662,0.23866605452088377,0.03477101504396428,0.0,498.69646341547804,500.03401637494557,498.396433798275,497.80783087871185
3.5400000000000027,1.6723554146005324,0.8294396320779034,21.75139273303906,0.31652363382719706,0.023301139738136634,0.0,0.6704777254198812,2.314826925141662,5.384059425146943,0.23607874451873792,0.024241807507676134,0.0,398.1657309029737,397.2015236568207,397.98618423479763,397.812944638457
3.6000000000000028,1.712054770198255,0.9750131544724306,22.077043872132705,0.33069885401492005,0.02441863619541973,0.0,0.6527165656022943,2.5387582906976873,5.469734890909097,0.23660055210953707,0.003966120659647218,0.0,475.8882231019039,474.33335217174306,473.9725775771527,474.0645235682308
3.660000000000003,1.7506894469839596,1.1340399738552007,22.406975484248328,0.34506922199558954,0.024911899595567277,0.0,0.6350894235731317,2.763237269487511,5.526833904187706,0.2447524381038313,0.015602722346131128,0.0,468.2089431379926,469.11345963870167,467.4575727158585,468.14651771797725
3.720000000000003,1.7882606542960735,1.306726009145811,22.739999918836492,0.36096113488824244,0.026118834568086058,0.0,0.6171963767743884,2.9941377184521247,5.5727817382201446,0.28883303192446413,0.027883790897737338,0.0,466.56130472194053,467.51930905035374,465.62964485739184,469.13014306470563
3.780000000000003,1.8248267352489795,1.4922895085822014,23.072310169658024,0.3780077369661452,0.027735290272268287,0.0,0.6015418989310478,3.1925622832875407,5.503624110426601,0.2724554279479904,0.02498548786067756,0.0,431.8428866859359,431.59847023658335,431.9604945551718,430.66107928186017
3.840000000000003,1.8604362093937548,1.689894125619985,23.400072614370092,0.3947442089293114,0.029486133913342982,0.0,0.5853123641966077,3.395427774307026,5.4212301110377075,0.2894724472728622,0.03647069109537377,0.0,428.0441792632793,429.0209751693883,427.30073171090913,428.8307297954142
3.900000000000003,1.894908941812066,1.9016379031673865,23.726881935279334,0.4120447648830128,0.03166032392336415,0.0,0.5635839959770997,3.663923607011881,5.470876427374114,0.28598744274437443,0.035764063530791514,0.0,473.6932261435736,473.63937440706104,475.0071443610507,474.8183133895123
3.960000000000003,1.9280261994980692,2.1298986184309063,24.056730557815925,0.42909906267462894,0.03365056591327065,0.0,0.5401443473286642,3.9459121597433953,5.522433980344974,0.2804977882717217,0.027402417904048203,0.0,478.81849819804484,478.1821582752524,478.23198398465,477.88924432438773
4.020000000000002,1.9598413771696845,2.3736163436992523,24.385680367847524,0.4456884908264538,0.03539879002110258,0.0,0.5202323621901952,4.179089655741821,5.441760194792203,0.2669728288086996,0.03239786113214125,0.0,436.44964296526274,436.8667417591968,438.42638256022406,437.37932878865723
4.080000000000001,1.990419410197084,2.6317074748822504,24.709984525323193,0.4615811458840513,0.03783099693688108,0.0,0.4988621137732665,4.4249231259317385,5.3674954537968755,0.26032934843845656,0.053203696512073115,0.0,440.7606336674354,442.47805173593656,441.57416200884296,441.09687608142633
4.14,2.0195249571058835,2.9064654599918978,25.03309546958373,0.4770894928826124,0.04124546488029068,0.0,0.4710258543281637,4.734497504911249,5.401158068471005,0.2544823620406167,0.0634400460218354,0.0,480.85898030165316,481.6358950525803,479.74195214655384,479.35949493503597
4.199999999999998,2.0468715537456994,3.2002271993737406,25.35839829291499,0.4922053305669971,0.045402027515187626,0.0,0.44016155170654975,5.05826589485117,5.440432730873802,0.2462779658830784,0.07894053880691242,0.0,484.96399732352626,486.1302821459788,486.8112129269221,486.2543827694378
4.259999999999997,2.0725078643963206,3.511278589753778,25.68147699118161,0.5075700389457207,0.05020329610915564,0.0,0.41401221770953883,5.310912860710665,5.328067745745333,0.2706813343416486,0.0820979680043791,0.0,437.8398794053149,438.1078068295894,436.46905215796585,438.56759078884653
4.319999999999996,2.0965045609248016,3.837607980090789,25.9975644675566,0.5238894754183896,0.054975817784296055,0.0,0.3855080827190163,5.567568233825274,5.207321739792974,0.27448281063019275,0.0738692597811705,0.0,436.2665467324327,435.5839202720077,437.3590707192817,437.75162889976616
4.379999999999995,2.1187479277401247,4.179244780152232,26.305785871633464,0.5399943326508252,0.05960681338916629,0.0,0.35560475846893497,5.821131161128695,5.065946000334661,0.25215804566127503,0.0830978753518744,0.0,431.59951432261397,432.3828156360421,431.34808293794737,429.53273967310236
4.439999999999993,2.139021740879969,4.5371469605441295,26.606858571782617,0.5552279175181694,0.06454611924266729,0.0,0.31980780077821863,6.1095404996417875,4.9686747891031935,0.25714839821554164,0.08072357765168381,0.0,449.2394251566664,449.0522285539,449.90959340871825,450.3773366611506
4.499999999999992,2.1571812417810725,4.911590337807978,26.90044849964415,0.5711873015772486,0.0694066611116071,0.0,0.2851626855609917,6.372569145945001,4.816845110524718,0.279482006339986,0.08157356019929804,0.0,432.178996007135,432.25615234737296,430.78509222326477,432.7427688260237
4.559999999999991,2.173185980895327,5.301999995768495,27.184832092831318,0.587497084685709,0.07421781429004337,0.0,0.247989335003259,6.641742971572607,4.661695469569379,0.24865173463889076,0.07725706458771589,0.0,432.3074088666842,431.94879251187206,435.03962517920127,432.5250157459222
4.6199999999999894,2.1868107291192995,5.709286679664659,27.460632051005508,0.6027032072022651,0.07957239441230701,0.0,0.2058097672115117,6.9349172121650025,4.530547154982545,0.2615891712998215,0.10621411992190465,0.0,443.7308191043161,446.10864241395007,443.61338746976844,444.73899930699173
4.679999999999988,2.1978753803449775,6.133882968574235,27.727805816055753,0.6185018666106146,0.08628488126112988,0.0,0.16254972619950583,7.218751461204553,4.37424329606296,0.26654269283492027,0.12129242803225143,0.0,438.3399219584591,439.60269972468586,436.1600389338231,436.6448549211111
4.739999999999987,2.2059358100573596,6.57765798577503,27.988271347769828,0.6343531077699218,0.09392272127137247,0.0,0.1055501938815008,7.573904169112476,4.306085187696933,0.25901590215480347,0.13719008099536123,0.0,473.6857657510259,474.9205852937821,473.9471255038381,473.43367551176726
4.799999999999986,2.210911683083692,7.039921951724809,28.240432468997124,0.6495522684869028,0.10183074182510499,0.0,0.0597784262397984,7.83531187812632,4.098589945127523,0.23842145443171678,0.1179497514709039,0.0,425.1703869366259,423.5347942014094,424.7940791666316,423.0910941892501
4.859999999999984,2.212663631038911,7.520149930697824,28.482893274630918,0.6636330530632444,0.10846552394054854,0.0,-0.0018575955938921127,8.172262448294482,3.981962379569899,0.2259080853864538,0.08875256257391775,0.0,462.6471649684525,460.3517512259442,464.05263638264813,463.1212730525823
4.919999999999983,2.2104085380713205,8.021843238447394,28.719666981488782,0.6774461047487152,0.1141173375211535,0.0,-0.07364783578524638,8.550528244022587,3.9085970141410593,0.23766853692426027,0.1033119454586884,0.0,481.8600590711967,482.96644041572205,482.72239075704204,483.65715505504096
4.979999999999982,2.203898048304628,8.54549266789077,28.95081891328123,0.6920092438022207,0.12001228375350959,0.0,-0.14373284150553056,8.904213869878502,3.7947754614214273,0.25126144152678614,0.08548393542922876,0.0,473.1903636307749,471.8230168311617,471.49579784094715,472.5999714977643
5.0399999999999805,2.193107198435942,9.090366340739706,29.174858489957952,0.7074889419969086,0.1251229737709041,0.0,-0.2162161711904932,9.257975975902113,3.6714399640434197,0.26885638849244453,0.0845599235445414,0.0,473.0367375172504,472.97102940386736,472.48462644012375,473.9016486954941
